20
1 2 1072.09
1 3 197.80
1 4 453.47
1 5 286.35
1 6 256.72
1 7 901.63
1 8 657.00
1 9 1015.96
1 10 719.95
1 11 391.58
1 12 1016.73
1 13 359.53
1 14 434.51
1 15 491.85
1 16 698.08
1 17 305.02
1 18 861.27
1 19 977.10
1 20 497.50
2 3 902.88
2 4 992.45
2 5 824.11
2 6 1090.65
2 7 561.36
2 8 867.69
2 9 958.83
2 10 676.73
2 11 804.37
2 12 1039.61
2 13 927.12
2 14 1167.87
2 15 858.65
2 16 528.13
2 17 1069.57
2 18 879.03
2 19 935.69
2 20 668.40
3 4 412.02
3 5 163.87
3 6 333.72
3 7 802.36
3 8 649.42
3 9 997.60
3 10 666.87
3 11 225.76
3 12 1028.08
3 13 392.12
3 14 436.05
3 15 489.82
3 16 590.78
3 17 320.45
3 18 844.65
3 19 964.59
3 20 405.03
4 5 544.02
4 6 264.97
4 7 717.13
4 8 591.85
4 9 1234.84
4 10 756.72
4 11 305.73
4 12 1048.61
4 13 628.62
4 14 237.53
4 15 732.57
4 16 599.67
4 17 173.90
4 18 776.83
4 19 1157.19
4 20 450.75
5 6 453.76
5 7 775.16
5 8 635.86
5 9 854.89
5 10 582.81
5 11 327.96
5 12 960.87
5 13 316.04
5 14 597.90
5 15 377.09
5 16 547.21
5 17 468.81
5 18 813.92
5 19 836.11
5 20 382.67
6 7 805.77
6 8 547.66
6 9 1112.95
6 10 709.96
6 11 391.89
6 12 963.84
6 13 456.88
6 14 306.08
6 15 588.48
6 16 648.39
6 17 139.02
6 18 754.15
6 19 1041.37
6 20 456.69
7 8 413.95
7 9 912.53
7 10 399.68
7 11 709.14
7 12 650.65
7 13 729.90
7 14 948.52
7 15 697.37
7 16 231.72
7 17 821.64
7 18 384.24
7 19 808.03
7 20 409.21
8 9 798.80
8 10 299.82
8 11 657.01
8 12 458.94
8 13 453.67
8 14 793.05
8 15 463.80
8 16 346.75
8 17 627.66
8 18 208.43
8 19 676.68
8 20 317.10
9 10 551.95
9 11 1108.16
9 12 616.89
9 13 669.09
9 14 1373.63
9 15 531.20
9 16 793.05
9 17 1200.41
9 18 785.97
9 19 151.29
9 20 815.60
10 11 694.53
10 12 434.77
10 13 424.06
10 14 946.22
10 15 343.52
10 16 272.53
10 17 777.30
10 18 328.87
10 19 448.23
10 20 324.23
11 12 1076.13
11 13 548.56
11 14 385.00
11 15 625.75
11 16 529.91
11 17 314.30
11 18 838.29
11 19 1062.29
11 20 381.09
12 13 701.39
12 14 1238.01
12 15 633.07
12 16 653.22
12 17 1064.49
12 18 325.34
12 19 465.81
12 20 703.92
13 14 724.35
13 15 143.60
13 16 524.65
13 17 551.35
13 18 620.03
13 19 619.39
13 20 370.84
14 15 848.01
14 16 810.67
14 17 180.81
14 18 989.68
14 19 1310.68
14 20 640.71
15 16 495.95
15 17 675.20
15 18 592.32
15 19 486.67
15 20 390.92
16 17 669.07
16 18 416.40
16 19 707.30
16 20 202.25
17 18 830.12
17 19 1133.70
17 20 485.87
18 19 646.43
18 20 475.88
19 20 738.18
